708 858 605 883 325 65 400 785 147 721 987 495 554 476 439 227 938 849 47 452 729 620 138 890 477 189 8 345 270 407 648 397 314 227 287 563 684 559 317 984 517 120 691 718 856 789 969 599 831 164 163 287 150 808 761 577 435 17 873 693 914 105 411 449 83 751 650 433 818 772 590 519 704 385 339 309 106 881 594 680 265 555 121 34 638 506 919 682 437 168 853 767 117 473 754 670 566 114 778 453 
936 769 438 440 737 32 317 870 751 156 453 999 188 433 207 434 607 375 241 104 28 688 27 810 981 849 676 663 72 331 261 116 687 513 807 169 265 670 71 244 321 17 170 678 86 26 284 983 953 601 519 42 797 169 159 465 128 777 848 273 464 703 537 13 567 203 146 855 653 104 690 486 906 133 463 333 381 72 559 531 886 461 769 963 892 555 977 52 751 572 890 890 608 835 438 519 698 425 745 821 
47 901 690 233 63 708 288 620 656 978 193 172 996 360 321 4 282 117 304 137 44 774 639 805 328 213 440 334 514 780 897 580 985 651 301 208 166 405 660 743 273 309 505 802 495 863 397 773 997 58 516 483 364 537 500 886 95 783 615 837 747 463 625 567 668 917 499 703 487 409 490 216 546 158 155 372 237 497 870 571 259 381 343 155 746 98 720 265 56 879 935 799 39 219 90 84 608 377 740 773 
625 30 887 491 748 377 395 115 562 907 766 495 919 733 849 992 193 173 981 513 469 40 195 211 343 527 173 812 735 60 890 693 185 678 51 798 710 358 535 131 2 258 625 833 835 496 964 498 861 178 483 196 667 905 723 453 932 425 965 152 738 433 574 683 510 774 656 577 186 175 149 91 415 265 155 958 977 417 948 387 718 981 191 74 682 943 284 824 812 819 669 363 352 460 325 1000 770 890 183 899 
407 232 247 821 235 777 631 206 694 702 264 697 399 56 249 92 586 898 982 210 149 403 380 401 140 633 69 10 680 961 961 686 60 945 231 654 454 40 942 852 744 427 391 776 318 394 889 963 23 987 305 34 865 73 478 611 443 519 415 379 297 233 934 480 130 468 335 631 472 16 424 807 412 818 685 66 298 205 290 591 526 497 893 162 697 252 376 432 766 324 796 801 653 407 453 365 927 790 750 855 
590 176 683 555 716 922 750 37 38 529 603 398 287 749 874 967 390 527 123 303 850 69 475 677 179 179 974 324 21 376 982 963 81 149 433 732 893 647 181 37 946 424 129 453 865 391 218 796 735 998 499 889 492 393 549 862 332 773 771 266 788 56 179 354 522 731 432 358 692 676 813 589 812 267 172 506 825 890 178 746 86 927 951 812 547 464 177 529 173 280 951 34 793 101 85 830 201 81 373 797 
896 147 909 108 640 356 972 756 111 896 616 467 187 512 474 814 400 348 232 134 357 918 869 802 942 841 871 508 2 840 934 993 867 378 878 752 940 194 717 775 533 611 727 189 551 606 611 640 856 834 48 560 197 748 599 903 496 72 710 586 399 545 330 205 696 201 218 306 596 950 317 803 101 872 905 231 332 900 669 10 195 258 115 125 400 241 249 304 375 748 566 792 149 667 374 622 258 280 755 686 
557 848 17 321 525 516 108 748 947 136 369 599 951 479 112 36 191 73 756 418 822 738 642 38 813 824 296 419 244 555 75 615 361 199 860 411 879 598 139 790 134 931 668 145 571 225 312 615 584 815 746 258 34 894 797 21 173 677 280 235 73 426 772 359 234 541 637 768 79 62 408 652 905 645 980 529 52 872 1000 593 328 656 618 592 520 860 42 668 268 916 558 251 243 539 995 110 844 198 175 642 
173 350 791 422 200 316 159 763 419 501 109 85 198 40 252 942 311 893 582 404 861 745 859 378 936 336 414 524 723 145 931 410 754 684 89 819 690 549 590 444 116 218 206 962 475 188 855 171 427 39 195 600 300 207 379 240 308 309 327 721 396 218 715 935 696 622 213 995 134 477 675 605 901 481 939 409 133 308 264 529 107 185 293 673 372 583 509 730 851 377 763 992 439 324 14 784 247 68 102 195 
681 526 323 926 475 996 472 774 539 195 751 932 499 520 299 209 494 415 28 435 320 266 690 139 812 93 704 318 336 348 844 44 862 133 471 823 878 583 30 766 596 716 451 580 296 531 678 595 303 315 541 947 911 578 306 88 951 992 735 622 576 427 567 874 409 459 388 773 789 873 231 101 526 885 177 484 454 174 905 757 175 699 878 104 805 891 525 367 477 774 912 193 429 116 496 641 853 933 278 759 
